53  68  16  
89  61  32  
124 130 46  
112 99  60  
99  253 145 
50  178 230 
0   241 212 
0   117 194 
107 63  37  
178 48  74  
249 61  92  
224 14  111 
199 125 115 
100 221 120 
1   175 109 
0   228 99  
151 136 58  
191 86  117 
232 52  139 
194 23  162 
156 15  86  
141 118 11  
127 13  7   
63  90  4   
195 105 58  
205 110 117 
216 72  158 
164 14  198 
113 100 104 
183 224 11  
253 142 19  
126 119 27  
145 176 59  
141 137 118 
138 112 176 
151 111 235 
164 148 123 
184 170 11  
204 213 31  
102 119 51  
95  145 79  
78  151 159 
61  112 199 
138 170 240 
216 134 174 
185 97  108 
155 166 89  
77  145 69  
141 255 100 
96  153 201 
52  17  223 
94  133 245 
135 124 225 
156 129 206 
178 212 147 
89  136 88  
187 111 50  
115 191 100 
44  108 111 
49  224 122 
55  107 112 
128 83  103 
201 121 73  
100 189 44
